=== Tserver Node Specs ===
Tservers: 14
  yb-tserver-0 -> ip-10-0-1-107.ap-east-2.compute.internal: 64 CPU, 129797048Ki
  yb-tserver-1 -> ip-10-0-1-184.ap-east-2.compute.internal: 64 CPU, 129797040Ki
  yb-tserver-10 -> ip-10-0-1-229.ap-east-2.compute.internal: 64 CPU, 129797048Ki
  yb-tserver-11 -> ip-10-0-1-219.ap-east-2.compute.internal: 64 CPU, 129797048Ki
  yb-tserver-12 -> ip-10-0-1-53.ap-east-2.compute.internal: 64 CPU, 129797048Ki
  yb-tserver-13 -> ip-10-0-1-245.ap-east-2.compute.internal: 64 CPU, 129797048Ki
  yb-tserver-2 -> ip-10-0-1-22.ap-east-2.compute.internal: 64 CPU, 129797048Ki
  yb-tserver-3 -> ip-10-0-1-198.ap-east-2.compute.internal: 64 CPU, 129797048Ki
  yb-tserver-4 -> ip-10-0-1-34.ap-east-2.compute.internal: 64 CPU, 129797048Ki
  yb-tserver-5 -> ip-10-0-1-248.ap-east-2.compute.internal: 64 CPU, 129797048Ki
  yb-tserver-6 -> ip-10-0-1-99.ap-east-2.compute.internal: 64 CPU, 129797048Ki
  yb-tserver-7 -> ip-10-0-1-146.ap-east-2.compute.internal: 64 CPU, 129797048Ki
  yb-tserver-8 -> ip-10-0-1-98.ap-east-2.compute.internal: 64 CPU, 129797048Ki
  yb-tserver-9 -> ip-10-0-1-30.ap-east-2.compute.internal: 64 CPU, 129797048Ki

=== Sysbench Per-Interval Metrics ===
T(s)  Phase        TPS   p95(ms)   err/s   CPU%   Mem(MB)  Net(MB/s)   WrIOPS  CliCPU
-------------------------------------------------------------------------------------
  10  warmup    82,824    1050.8    0.00    1.0    78,669        9.1       68     -  
  20  warmup   136,196     719.9    0.00    5.0   145,845       50.2       76    0.28
  30  warmup   135,823     657.9    0.00   11.3   207,601      278.2      179    0.28
  40  warmup   129,561     590.6    0.00   16.2   219,928      241.3      197    0.40
  50  warmup   131,710     877.6    0.00   18.0   239,237      378.7      251    0.52
  60  warmup   134,195     909.8    0.00   20.4   261,533      452.1      238    0.77
  70  warmup   130,463     434.8    0.00   32.0   293,898      600.1      475    0.77
  80  warmup   129,694     484.4    0.00   58.2   331,935     1848.5    1,127    3.69
  90  warmup   132,822     308.8    0.00   76.3   394,597     1894.1    2,417    5.49
 100  warmup   129,060     308.8    0.00   82.1   439,383     2667.4    3,409    6.41
 110  warmup   129,276     240.0    0.00   80.2   474,563     2629.8    3,243    5.41
 120  warmup   117,551     297.9    0.00   77.9   495,756     2451.9    3,920    3.56
 130  run      131,665     183.2    0.00   78.9   508,392     1919.5    2,943    3.68
 140  run      121,447     215.4    0.00   79.2   524,668     2043.5    3,134    3.54
 150  run      121,822     282.2    0.00   77.8   536,261     1910.7    4,338    3.44
 160  run      124,841     207.8    0.00   79.6   544,881     1998.1    4,579    3.80
 170  run      123,540     183.2    0.00   79.0   560,305     2116.1    3,551    3.80
 180  run      122,999     262.6    0.00   78.0   571,705     1942.3    3,630    3.40
 190  run      123,611     147.6    0.00   79.4   577,367     1906.0    3,257    3.67
 200  run      116,072     326.0    0.00   78.9   589,478     2390.8    2,636    3.67
 210  run      126,305     272.3    0.00   78.8   596,887     2269.1    2,670    3.54
 220  run      125,518     183.2    0.00   79.3   602,553     2307.9    3,488    3.54
 230  run      123,534     223.3    0.00   78.7   613,294     2243.3    2,642    3.46
 240  run      120,662     292.6    0.00   78.2   620,089     2156.6    2,546    3.37
 250  run      128,080     176.7    0.00   77.5   625,612     1577.3    3,097    3.22
 260  run      119,172     253.3    0.00   77.0   634,322     1917.0    3,143    3.12
 270  run      119,397     145.0    0.00   77.6   637,124     1335.7    1,991    3.20
 280  run      115,653     207.8    0.00   76.5   644,012     1989.3    4,271    3.20
 290  run      121,972     267.4    0.00   76.5   652,887     2183.2    2,605    3.15
 300  run      124,743     158.6    0.00   76.9   660,010     2202.4    2,261    3.21
 310  run      119,142     207.8    0.00   76.2   665,453     1737.3    3,234    3.15
 320  run      118,218     262.6    0.00   76.3   671,251     1664.8    3,271    3.10
 330  run      124,189     173.6    0.00   77.0   675,399     1932.1    2,988    3.01
 340  run      117,067     211.6    0.00   76.1   680,356     2159.9    4,234    3.07
 350  run      118,527     253.3    0.00   77.5   685,600     2135.9    4,855    3.07
 360  run      121,443      90.8    0.00   77.7   690,568     1863.9    3,408    3.09
 370  run      119,120     314.4    0.00   76.3   697,291     1869.1    3,001    2.22
 380  run      124,991     186.5    0.00   77.0   701,093     2012.6    3,920    2.12
 390  run      114,975     183.2    0.00   77.7   703,844     2030.1    3,106    3.15
 400  run      121,481     253.3    0.00   75.7   709,641     2088.0    3,129    2.88
 410  run      117,997     292.6    0.00   76.1   714,753     2250.5    5,421    2.88
 420  run      116,102      75.8    0.00   76.4   717,370     2041.6    5,537    2.88
 430  run      121,556     196.9    0.00   77.0   721,292     2008.4    3,204    2.88
 440  run      121,310     248.8    0.00   76.7   725,290     2187.5    2,067    2.98
 450  run      116,555     204.1    0.00   75.3   729,729     1680.9    2,766    2.89
 460  run      121,781     235.7    0.00   76.3   732,874     2409.9    2,968    2.89
 470  run      120,940     231.5    0.00   77.0   735,611     2043.0    3,050    2.98
 480  run      117,260     211.6    0.00   76.1   739,313     2299.7    4,116    2.98
 490  run      118,227     257.9    0.00   76.3   742,516     2257.8    2,566     -  
 500  run      123,864     189.9    0.00   76.7   747,187     2028.1    2,532    2.11
 510  run      118,976     223.3    0.00   76.7   749,569     1979.4    2,892    2.11
 520  run      114,568     253.3    0.00   77.5   751,483     2478.6    3,745    2.96
 530  run      120,952     164.4    0.00   76.4   756,542     2019.6    3,262    2.72
 540  run      117,051     231.5    0.00   77.2   759,760     2292.6    4,464    3.07
 550  run      119,882     223.3    0.00   79.3   767,090     1448.7   10,347    3.07
 560  run      113,672     123.3    0.00   76.8   772,151     2230.8    5,823    2.84
 570  run      120,449     235.7    0.00   76.0   780,085     1595.5    2,370    2.98
 580  run      119,540     248.8    0.00   77.0   781,784     2378.2    3,169    2.98
 590  run      117,099      78.6    0.00   76.5   782,980     2104.5    3,449    2.87
 600  run      114,624     227.4    0.00   77.0   786,132     1750.3    3,102    2.87

=== Sysbench Totals (as reported by sysbench; INCLUDES warmup) ===
NOTE: these are run-averaged over warmup+run. For steady-state numbers,
      read the per-interval table above and eyeball the post-warmup rows.
  TPS avg:        121,797.70  (total txns: 73,485,085)
  QPS avg:        121,797.71  (total qrys: 73,485,095)
  p95 latency:        350.33 ms
  Errors:                  0  (0.00/s)
  Reconnects:              0  (0.00/s)
  Elapsed:             603.5 s
